Vermelho
13
254, 225, 225
255, 195, 195
255, 165, 165
254, 135, 135
254, 105, 105
254, 65, 65
255, 0, 0
224, 0, 0
199, 0, 0
174, 0, 0
149, 0, 0
124, 0, 0
99, 0, 0
Laranja
13
254, 238, 225
254, 221, 195
254, 205, 165
254, 188, 135
254, 172, 105
254, 155, 75
254, 136, 40
254, 114, 0
234, 105, 0
209, 93, 0
184, 82, 0
159, 71, 0
134, 60, 0
Amarelo
13,
254, 250, 225
254, 245, 195
254, 240, 165
254, 236, 135
254, 231, 105
254, 226, 75
254, 221, 40
254, 215, 0
234, 198, 0
209, 177, 0
184, 156, 0
159, 135, 0
134, 113, 0
Verde claro
13
246, 254, 225
237, 254, 195
229, 254, 165
220, 254, 135
211, 254, 105
203, 254, 75
193, 254, 40
181, 254, 0
167, 234, 0
149, 209, 0
131, 184, 0
113, 159, 0
96, 134, 0
Verde
13
230, 254, 230
205, 254, 205
175, 254, 175
136, 254, 135
91, 254, 90
47, 254, 45
0, 255, 0
2, 224, 0
2, 194, 0
2, 169, 0
1, 139, 0
1, 114, 0
1, 84, 0
Verde azulado
13
225, 254, 245
195, 254, 236
165, 254, 227
135, 254, 218
105, 254, 209
75, 254, 200
40, 254, 189
0, 254, 177
0, 234, 163
0, 209, 146
0, 184, 128
0, 159, 111
0, 134, 93
Ciano
13
225, 254, 254
195, 254, 254
165, 254, 254
135, 254, 254
105, 254, 254
75, 254, 254
40, 254, 254
0, 255, 255
0, 234, 234
0, 214, 214
0, 194, 194
0, 174, 174
0, 154, 154
Azul
13
225, 225, 254
195, 196, 254
165, 166, 254
135, 137, 254
105, 107, 254
75, 78, 254
40, 44, 254
0, 0, 255
0, 4, 234
0, 4, 209
0, 3, 184
0, 3, 159
0, 2, 134
Violeta
13
250, 215, 254
248, 195, 254
247, 165, 254
245, 135, 254
242, 95, 254
234, 54, 249
221, 0, 239
207, 0, 224
184, 0, 204
165, 0, 179
138, 0, 149
112, 0, 124
92, 0, 99
Magenta
13
254, 225, 246
254, 195, 238
254, 165, 230
254, 135, 222
254, 105, 214
254, 75, 206
254, 40, 196
254, 0, 185
234, 0, 171
209, 0, 152
184, 0, 134
159, 0, 116
134, 0, 98
Cinza
13
245, 245, 245
225, 225, 225
205, 205, 205
185, 185, 185
165, 165, 165
145, 145, 145
125, 125, 125
105, 105, 105
85, 85, 85
65, 65, 65
45, 45, 45
25, 25, 25
0, 0, 0
Azul-Verde
13
23, 0, 220
20, 0, 254
85, 70, 254
100, 103, 254
165, 166, 254
210, 210, 254
255, 255, 255
195, 255, 195
166, 255, 165
111, 254, 110
72, 254, 70
0, 255, 0
2, 220, 0
Cinza-Vermelho
13
85, 85, 85
115, 115, 115
145, 145, 145
170, 170, 170
195, 195, 195
225, 225, 225
255, 255, 255
254, 210, 210
254, 160, 160
254, 110, 110
254, 70, 70
255, 0, 0
219, 0, 0
Azul-Laranja
13
23, 0, 220
20, 0, 254
85, 70, 254
100, 103, 254
165, 166, 254
210, 210, 254
255, 255, 255
254, 230, 210
254, 205, 165
254, 177, 115
254, 152, 70
254, 114, 0
219, 98, 0
Violeta-Laranja
13
197, 0, 219
229, 0, 254
236, 70, 254
240, 110, 254
245, 165, 254
250, 195, 255
255, 255, 255
254, 230, 210
254, 205, 165
254, 177, 115
254, 152, 70
254, 114, 0
219, 98, 0
Verde-Vermelho
13
2, 220, 0
0, 255, 0
72, 254, 70
111, 254, 110
166, 255, 165
195, 255, 195
255, 255, 255
254, 210, 210
254, 160, 160
254, 110, 110
254, 70, 70
255, 0, 0
219, 0, 0
Verde-Laranja
13
2, 220, 0
0, 255, 0
72, 254, 70
111, 254, 110
166, 255, 165
195, 255, 195
255, 255, 255
254, 230, 210
254, 205, 165
254, 177, 115
254, 152, 70
254, 114, 0
219, 98, 0
Marrom-Verde
13
90, 52, 45
115, 73, 58
141, 98, 71
168, 126, 84
196, 164, 131
225, 207, 188
255, 255, 255
208, 227, 224
166, 199, 194
129, 172, 164
96, 144, 136
68, 117, 108
45, 90, 82
Violeta-Verde
13
57, 0, 115
80, 23, 138
107, 53, 161
138, 92, 184
173, 138, 208
212, 193, 231
255, 255, 255
195, 227, 189
144, 199, 133
100, 172, 86
64, 144, 48
35, 117, 19
15, 90, 0
Ciano-Vermelho
13
0, 219, 219
0, 255, 255
70, 254, 254
115, 254, 254
165, 254, 254
210, 254, 254
255, 255, 255
254, 210, 210
254, 160, 160
254, 110, 110
254, 70, 70
255, 0, 0
219, 0, 0
Ciano-Laranja
13
0, 219, 219
0, 255, 255
70, 254, 254
115, 254, 254
165, 254, 254
210, 254, 254
255, 255, 255
254, 230, 210
254, 205, 165
254, 177, 115
254, 152, 70
254, 114, 0
219, 98, 0
Amarelo-Laranja-Vermelho
13
247, 254, 0
254, 245, 0
254, 227, 0
254, 209, 0
254, 191, 0
254, 173, 0
254, 155, 0
254, 131, 0
254, 108, 0
254, 90, 0
254, 60, 0
254, 36, 0
255, 0, 0
Beige-Marron
13
255, 234, 190
244, 218, 170
234, 202, 151
224, 185, 134
214, 169, 117
205, 153, 102
188, 134, 93
172, 116, 85
155, 99, 77
139, 84, 69
122, 70, 61
106, 56, 53
90, 45, 45
Vermelho-Violeta-Azul
13
220, 0, 0
239, 0, 0
254, 0, 48
254, 0, 96
254, 0, 143
254, 0, 203
255, 0, 255
223, 0, 254
187, 0, 254
151, 0, 254
116, 0, 254
56, 0, 254
0, 0, 255
Verde-Ciano-Azul
13
0, 254, 58
0, 254, 88
0, 254, 118
0, 254, 147
0, 254, 177
0, 254, 207
0, 254, 237
0, 243, 254
0, 213, 254
0, 183, 254
0, 124, 254
0, 94, 254
0, 0, 255
Amarelo-Verde-Azul
13
255, 255, 0
229, 254, 0
205, 254, 0
169, 254, 0
116, 254, 0
62, 254, 0
2, 234, 0
0, 221, 102
0, 219, 153
0, 169, 138
0, 135, 165
0, 80, 165
13, 0, 130
Altimetria úmida
13
175, 254, 230
151, 254, 150
254, 247, 130
122, 204, 0
1, 130, 0
229, 161, 0
229, 124, 31
219, 103, 0
199, 74, 35
169, 0, 0
87, 52, 20
185, 185, 185
255, 255, 255
Altimetria seca
13
175, 230, 219
228, 254, 180
255, 251, 195
249, 254, 156
224, 211, 123
218, 165, 32
186, 165, 99
161, 102, 50
155, 122, 96
157, 174, 175
216, 191, 216
197, 220, 220
255, 255, 255
Batimetria
13
210, 254, 218
198, 254, 231
157, 254, 225
116, 241, 247
0, 255, 255
82, 230, 254
126, 191, 254
65, 154, 219
0, 122, 240
0, 0, 255
23, 0, 220
16, 0, 199
13, 0, 130
Circular
13
255, 0, 0
254, 90, 0
254, 179, 0
241, 254, 0
151, 254, 0
3, 254, 0
0, 254, 147
0, 254, 237
0, 183, 254
0, 0, 255
175, 0, 254
254, 0, 245
254, 0, 155
Precipitação
13
205, 133, 63
255, 165, 0
255, 215, 0
255, 255, 0
186, 237, 0
111, 254, 38
0, 205, 102
2, 220, 0
2, 186, 0
0, 139, 0
0, 134, 139
43, 101, 129
31, 71, 145
Temperatura
13
255, 255, 255
240, 100, 150
175, 0, 254
0, 0, 255
0, 130, 255
0, 209, 220
0, 254, 177
0, 255, 0
181, 255, 0
255, 255, 0
254, 179, 0
203, 72, 0
179, 0, 0
Uso da Terra 1
13
255, 236, 139
254, 200, 124
238, 201, 0
238, 154, 73
205, 173, 0
205, 190, 112
162, 205, 90
154, 205, 50
0, 205, 0
69, 139, 0
122, 138, 52
1, 130, 0
1, 100, 0
Uso da Terra 2
13
205, 51, 51
238, 154, 73
238, 201, 0
255, 246, 143
188, 238, 104
181, 255, 0
171, 219, 118
154, 205, 50
0, 205, 0
69, 139, 0
122, 138, 52
1, 130, 0
1, 100, 0